8377
9720
4226
2157
7255
8063
1308
8342
2858
9883
9707
5965
8801
6878
8684
1768
6628
4995
2801
6316
150
754
8677
6326
3220
6656
2235
5556
4555
2369
3839
5394
7510
2332
1197
8772
9156
9386
1056
1981
3784
8393
8451
5450
7226
4227
9988
2990
6187
6166
5975
923
934
4096
1846
5386
9937
9609
4933
1687
9491
2877
7379
5628
8911
3124
9933
9271
4175
8544
5677
9371
6540
9955
8673
4769
185
2522
1382
4424
2096
8825
8498
5216
8148
2084
6528
8223
374
4760
7382
6301
9043
2692
3411
1459
3625
1799
2181
11
